1 0.3894801552628783 0.2492790829497736 0.4091285834887954 0.23606912273008965 0.443884911613764 0.28218102366837605 0.424236483387847 0.29539098388806007
0 0.4345616264294791 0.45489199491740795 0.46146946707526726 0.45489199491740795 0.46146946707526726 0.4828462515883102 0.4345616264294791 0.4828462515883102
4 0.4533971148815308 0.3672172808132148 0.46012407504297786 0.3672172808132148 0.46012407504297786 0.38119440914866587 0.4533971148815308 0.38119440914866587
4 0.450706330816952 0.3189326556543838 0.45877868301068847 0.3189326556543838 0.45877868301068847 0.3379923761118171 0.450706330816952 0.3379923761118171
2 0.43187084236489975 0.2973316391359594 0.46685103520442445 0.2973316391359594 0.46685103520442445 0.3138500635324017 0.43187084236489975 0.3138500635324017
5 0.5435383810449211 0.1842439644218552 0.7103669930488079 0.1842439644218552 0.7103669930488079 0.4193138500635325 0.5435383810449211 0.4193138500635325
5 0.30944016742656405 0.37229987293519695 0.3296210479109052 0.37229987293519695 0.3296210479109052 0.4129606099110547 0.30944016742656405 0.4129606099110547
3 0.4655056431721355 0.3189326556543838 0.5072127961731072 0.3189326556543838 0.5072127961731072 0.4193138500635325 0.4655056431721355 0.4193138500635325
3 0.44667015472008376 0.34434561626429483 0.4628148591075566 0.34434561626429483 0.4628148591075566 0.36340533672172814 0.44667015472008376 0.36340533672172814
3 0.45877868301068847 0.40279542566709026 0.47895956349502955 0.40279542566709026 0.47895956349502955 0.42058449809402804 0.45877868301068847 0.42058449809402804
