1 0.4681403844800578 0.2708397942458838 0.5014191764361016 0.28687549331767326 0.496149124875714 0.2966309443172353 0.4628703329196702 0.2805952452454458
0 0.3928544734285074 0.31639135959339265 0.4143807459451379 0.31639135959339265 0.4143807459451379 0.3392630241423127 0.3928544734285074 0.3392630241423127
4 0.4924134838179236 0.3024142312579416 0.4977950519470813 0.3024142312579416 0.4977950519470813 0.3900889453621348 0.4924134838179236 0.3900889453621348
4 0.5004858360116602 0.36721728081321475 0.5112489722699759 0.36721728081321475 0.5112489722699759 0.3900889453621341 0.5004858360116602 0.3900889453621341
4 0.49914044397937085 0.3113087674714104 0.5099035802376866 0.3113087674714104 0.5099035802376866 0.3227445997458699 0.49914044397937085 0.3227445997458699
2 0.503176620076239 0.28843710292249053 0.5166305403991331 0.28843710292249053 0.5166305403991331 0.3100381194409149 0.503176620076239 0.3100381194409149
5 0.3807459451379027 0.3824650571791614 0.40227221765453325 0.3824650571791614 0.40227221765453325 0.4129606099110547 0.3807459451379027 0.4129606099110547
5 0.5717916137229987 0.22109275730622635 0.6955676806936238 0.22109275730622635 0.6955676806936238 0.40406607369758596 0.5717916137229987 0.40406607369758596
3 0.516630540399133 0.3214739517153749 0.5529561252709471 0.3214739517153749 0.5529561252709471 0.4116899618805592 0.516630540399133 0.4116899618805592
3 0.5004858360116601 0.32528589580686157 0.516630540399133 0.32528589580686157 0.516630540399133 0.3646759847522236 0.5004858360116601 0.3646759847522236
