1 0.45727537477543806 0.267280686058256 0.5008316679729582 0.2905107090969327 0.49599114400389344 0.29860626133686186 0.45243485080637325 0.27537623829818514
0 0.3955452574930862 0.31766200762388824 0.41707153000971675 0.31766200762388824 0.41707153000971675 0.3379923761118171 0.3955452574930862 0.3379923761118171
4 0.49375887585021305 0.3595933926302415 0.509903580237686 0.3595933926302415 0.509903580237686 0.39390088945362134 0.49375887585021305 0.39390088945362134
4 0.49106809178563454 0.3138500635324016 0.5112489722699757 0.3138500635324016 0.5112489722699757 0.33036848792884366 0.49106809178563454 0.33036848792884366
4 0.4897226997533448 0.3341804320203304 0.4977950519470813 0.3341804320203304 0.4977950519470813 0.35705209656925035 0.4897226997533448 0.35705209656925035
2 0.5018312280439495 0.28843710292249053 0.5152851483668436 0.28843710292249053 0.5152851483668436 0.3100381194409149 0.5018312280439495 0.3100381194409149
5 0.3807459451379027 0.3900889453621348 0.3928544734285074 0.3900889453621348 0.3928544734285074 0.4167725540025414 0.3807459451379027 0.4167725540025414
5 0.56910082965842 0.22236340533672175 0.6955676806936243 0.22236340533672175 0.6955676806936243 0.4155019059720457 0.56910082965842 0.4155019059720457
3 0.516630540399133 0.32528589580686157 0.5556469093355259 0.32528589580686157 0.5556469093355259 0.41804320203303685 0.516630540399133 0.41804320203303685
3 0.5004858360116601 0.3341804320203304 0.5139397563345544 0.3341804320203304 0.5139397563345544 0.3557814485387548 0.5004858360116601 0.3557814485387548
