1 0.46183219351223753 0.27043129416490147 0.5007400233512033 0.2873842886820363 0.4955120134327013 0.2980866552431263 0.4566041835937355 0.28113366072599144
0 0.3955452574930862 0.3151207115628971 0.4157261379774273 0.3151207115628971 0.4157261379774273 0.3379923761118171 0.3955452574930862 0.3379923761118171
4 0.49106809178563426 0.3151207115628971 0.5099035802376861 0.3151207115628971 0.5099035802376861 0.33036848792884377 0.49106809178563426 0.33036848792884377
4 0.49106809178563393 0.37229987293519695 0.5099035802376858 0.37229987293519695 0.5099035802376858 0.3939008894536213 0.49106809178563393 0.3939008894536213
4 0.49106809178563504 0.33418043202033026 0.5004858360116609 0.33418043202033026 0.5004858360116609 0.3710292249047011 0.49106809178563504 0.3710292249047011
3 0.5045220121085283 0.33545108005082597 0.5448837730772106 0.33545108005082597 0.5448837730772106 0.37102922490470147 0.5045220121085283 0.37102922490470147
3 0.5139397563345544 0.3684879288437104 0.555646909335526 0.3684879288437104 0.555646909335526 0.4167725540025416 0.5139397563345544 0.4167725540025416
2 0.5018312280439495 0.2909783989834816 0.5206667164960012 0.2909783989834816 0.5206667164960012 0.31130876747141045 0.5018312280439495 0.31130876747141045
5 0.38209133717019206 0.3900889453621348 0.3941998654607968 0.3900889453621348 0.3941998654607968 0.4193138500635325 0.38209133717019206 0.4193138500635325
5 0.5677554376261306 0.22617534942820844 0.6955676806936244 0.22617534942820844 0.6955676806936244 0.41423125794155025 0.5677554376261306 0.41423125794155025
