1 0.3539235812774578 0.3313812172515716 0.36757639887503485 0.31439221094106934 0.42552079630014356 0.3559276297475034 0.41186797870256653 0.3729166360580057
0 0.516630540399133 0.44853875476493016 0.5368114208834742 0.44853875476493016 0.5368114208834742 0.4739517153748412 0.516630540399133 0.4739517153748412
4 0.4345616264294791 0.44853875476493016 0.4453247626877943 0.44853875476493016 0.4453247626877943 0.4955527318932656 0.4345616264294791 0.4955527318932656
4 0.4749233873981613 0.4510800508259213 0.4829957395918978 0.4510800508259213 0.4829957395918978 0.4790343074968234 0.4749233873981613 0.4790343074968234
3 0.43725241049405783 0.4078780177890725 0.5206667164960012 0.4078780177890725 0.5206667164960012 0.4447268106734435 0.43725241049405783 0.4447268106734435
3 0.44667015472008376 0.44853875476493016 0.4722326033335826 0.44853875476493016 0.4722326033335826 0.5095298602287167 0.44667015472008376 0.5095298602287167
3 0.42379849017116394 0.4993646759847523 0.48299573959189795 0.4993646759847523 0.48299573959189795 0.5133418043202034 0.42379849017116394 0.5133418043202034
3 0.4829957395918978 0.4498094027954258 0.5152851483668437 0.4498094027954258 0.5152851483668437 0.5196950444726811 0.4829957395918978 0.5196950444726811
2 0.421107706106585 0.3621346886912325 0.4533971148815308 0.3621346886912325 0.4533971148815308 0.39135959339263016 0.421107706106585 0.39135959339263016
5 0.27849615068390765 0.4930114358322746 0.29867703116824873 0.4930114358322746 0.29867703116824873 0.5298602287166456 0.27849615068390765 0.5298602287166456
5 0.5516107332386576 0.2401524777636595 0.7332386575977278 0.2401524777636595 0.7332386575977278 0.5362134688691234 0.5516107332386576 0.5362134688691234
