1 0.5112489722699748 0.4485387547649299 0.5448837730772103 0.4485387547649299 0.5448837730772103 0.5959339263024133 0.5112489722699748 0.5959339263024133
0 0.6134987667239704 0.4053367217280814 0.6390612153374692 0.4053367217280814 0.6390612153374692 0.43074968233799243 0.6134987667239704 0.43074968233799243
4 0.56910082965842 0.41296060991105454 0.5879363181104716 0.41296060991105454 0.5879363181104716 0.6213468869123252 0.56910082965842 0.6213468869123252
2 0.5018312280439495 0.37102922490470147 0.5569923013678153 0.37102922490470147 0.5569923013678153 0.43837357052096576 0.5018312280439495 0.43837357052096576
5 0.12915763509978326 0.1880559085133418 0.43725241049405783 0.1880559085133418 0.43725241049405783 0.689961880559085 0.12915763509978326 0.689961880559085
5 0.8045444353090665 0.6124523506988565 0.8408700201808806 0.6124523506988565 0.8408700201808806 0.6836086404066075 0.8045444353090665 0.6836086404066075
3 0.4681964272367143 0.4510800508259213 0.5072127961731071 0.4510800508259213 0.5072127961731071 0.6581956797966964 0.4681964272367143 0.6581956797966964
3 0.509903580237686 0.6060991105463788 0.5596830854323941 0.6060991105463788 0.5596830854323941 0.6709021601016519 0.509903580237686 0.6709021601016519
3 0.5623738694969729 0.6264294790343076 0.5865909260781823 0.6264294790343076 0.5865909260781823 0.6607369758576875 0.5623738694969729 0.6607369758576875
3 0.5475745571417894 0.4510800508259213 0.5650646535615518 0.4510800508259213 0.5650646535615518 0.5984752223634054 0.5475745571417894 0.5984752223634054
