4 0.4264892742357423 0.3850063532401521 0.441288586590926 0.3850063532401521 0.441288586590926 0.5387547649301138 0.4264892742357423 0.5387547649301138
1 0.4022722176545329 0.23761118170266826 0.4278346662680317 0.23761118170266826 0.4278346662680317 0.3621346886912325 0.4022722176545329 0.3621346886912325
0 0.509903580237686 0.4853875476493012 0.5273936766574483 0.4853875476493012 0.5273936766574483 0.5044472681067345 0.509903580237686 0.5044472681067345
3 0.4157261379774273 0.54002541296061 0.4924134838179236 0.54002541296061 0.4924134838179236 0.5578144853875477 0.4157261379774273 0.5578144853875477
3 0.4439793706555049 0.4409148665819569 0.4897226997533448 0.4409148665819569 0.4897226997533448 0.5362134688691234 0.4439793706555049 0.5362134688691234
3 0.49489582421168005 0.43425048844985503 0.5345177604695517 0.42574577990965634 0.5702978325042416 0.5744318570316083 0.53067589624637 0.582936565571807
4 0.4439793706555049 0.4040660736975858 0.46416025113984605 0.4040660736975858 0.46416025113984605 0.4345616264294791 0.4439793706555049 0.4345616264294791
4 0.46416025113984605 0.3862770012706481 0.480304955527319 0.3862770012706481 0.480304955527319 0.4116899618805592 0.46416025113984605 0.4116899618805592
2 0.3955452574930862 0.3672172808132148 0.4264892742357426 0.3672172808132148 0.4264892742357426 0.4167725540025414 0.3955452574930862 0.4167725540025414
5 0.23275282158606775 0.526048284625159 0.25966066223185597 0.526048284625159 0.25966066223185597 0.5895806861499365 0.23275282158606775 0.5895806861499365
5 0.5879363181104716 0.23634053367217284 0.79647208311533 0.23634053367217284 0.79647208311533 0.5921219822109277 0.5879363181104716 0.5921219822109277
