0 0.3524927124598251 0.3367217280813215 0.3740189849764557 0.3367217280813215 0.3740189849764557 0.35832274459974595 0.3524927124598251 0.35832274459974595
1 0.5354660288511848 0.1918678526048285 0.5933178862396293 0.1918678526048285 0.5933178862396293 0.2503176620076239 0.5354660288511848 0.2503176620076239
2 0.509903580237686 0.24777636594663283 0.5448837730772106 0.24777636594663283 0.5448837730772106 0.2909783989834816 0.509903580237686 0.2909783989834816
4 0.5233575005605801 0.25540025412960615 0.5543015173032365 0.25540025412960615 0.5543015173032365 0.3989834815756035 0.5233575005605801 0.3989834815756035
3 0.4708872113012931 0.28716645489199494 0.5462291651094999 0.28716645489199494 0.5462291651094999 0.4371029224904702 0.4708872113012931 0.4371029224904702
5 0.7130577771133866 0.3900889453621348 0.7345840496300172 0.3900889453621348 0.7345840496300172 0.4307496823379925 0.7130577771133866 0.4307496823379925
5 0.243515957844383 0.3621346886912325 0.4453247626877943 0.3621346886912325 0.4453247626877943 0.42693773824650577 0.243515957844383 0.42693773824650577
5 0.24620674190896172 0.20584498094027964 0.3457657522983779 0.20584498094027964 0.3457657522983779 0.3684879288437103 0.24620674190896172 0.3684879288437103
5 0.3161671275880108 0.20457433290978405 0.4157261379774269 0.20457433290978405 0.4157261379774269 0.3227445997458701 0.3161671275880108 0.3227445997458701
5 0.3780551610733238 0.19695044472681056 0.4224530981388742 0.19695044472681056 0.4224530981388742 0.3595933926302411 0.3780551610733238 0.3595933926302411
