1 0.45059183872219666 0.26799283441745053 0.4976556987736556 0.2904616613773042 0.4912657893316502 0.3024002965304233 0.4442019292801913 0.2799314695705696
0 0.4009268256222438 0.31766200762388824 0.4184169220420061 0.31766200762388824 0.4184169220420061 0.3405336721728081 0.4009268256222438 0.3405336721728081
4 0.4883773077210555 0.3151207115628971 0.49644965991479195 0.3151207115628971 0.49644965991479195 0.40787801778907257 0.4883773077210555 0.40787801778907257
4 0.4977950519470813 0.32528589580686157 0.509903580237686 0.32528589580686157 0.509903580237686 0.33926302414231263 0.4977950519470813 0.33926302414231263
4 0.4991404439793707 0.3748411689961882 0.5085581882053964 0.3748411689961882 0.5085581882053964 0.40660736975857703 0.4991404439793707 0.40660736975857703
2 0.49644965991479184 0.2973316391359594 0.5112489722699753 0.2973316391359594 0.5112489722699753 0.3214739517153749 0.49644965991479184 0.3214739517153749
3 0.4991404439793707 0.3430749682337993 0.5408475969803423 0.3430749682337993 0.5408475969803423 0.37229987293519695 0.4991404439793707 0.37229987293519695
3 0.5112489722699753 0.37484116899618775 0.552956125270947 0.37484116899618775 0.552956125270947 0.42947903430749695 0.5112489722699753 0.42947903430749695
5 0.3699828088795874 0.4040660736975858 0.38881829733163914 0.4040660736975858 0.38881829733163914 0.43202033036848797 0.3699828088795874 0.43202033036848797
5 0.5744823977875777 0.232528589580686 0.707676208984229 0.232528589580686 0.707676208984229 0.4320203303684876 0.5744823977875777 0.4320203303684876
