1 0.40822023382454475 0.27969192366926066 0.4278115437842041 0.2658764221273379 0.4777174249003493 0.32900142056293824 0.45812611494069 0.342816922104861
0 0.41168996188055906 0.42693773824650577 0.43456162642947904 0.42693773824650577 0.43456162642947904 0.45362134688691236 0.41168996188055906 0.45362134688691236
4 0.48299573959189773 0.3824650571791614 0.49241348381792355 0.3824650571791614 0.49241348381792355 0.4739517153748411 0.48299573959189773 0.4739517153748411
4 0.49375887585021305 0.4409148665819569 0.5072127961731072 0.4409148665819569 0.5072127961731072 0.4739517153748412 0.49375887585021305 0.4739517153748412
2 0.46685103520442484 0.3392630241423127 0.49375887585021305 0.3392630241423127 0.49375887585021305 0.3773824650571792 0.46685103520442484 0.3773824650571792
5 0.3376934001046416 0.46632782719186794 0.3551834965244039 0.46632782719186794 0.3551834965244039 0.503176620076239 0.3376934001046416 0.503176620076239
5 0.575827789819867 0.26556543837357055 0.7574557141789372 0.26556543837357055 0.7574557141789372 0.5108005082592123 0.575827789819867 0.5108005082592123
3 0.49644965991479184 0.3989834815756035 0.5489199491740788 0.3989834815756035 0.5489199491740788 0.4371029224904701 0.49644965991479184 0.4371029224904701
3 0.5112489722699753 0.4421855146124524 0.5637192615292623 0.4421855146124524 0.5637192615292623 0.5095298602287167 0.5112489722699753 0.5095298602287167
3 0.49644965991479184 0.480304955527319 0.5112489722699753 0.480304955527319 0.5112489722699753 0.49428208386277006 0.49644965991479184 0.49428208386277006
4 0.49375887585021305 0.38500635324015264 0.5045220121085283 0.38500635324015264 0.5045220121085283 0.3964421855146126 0.49375887585021305 0.3964421855146126
