1 0.3687043783695264 0.2013848750989325 0.38489263610630103 0.18208223990367228 0.44700815224467244 0.22854836295282713 0.4308198945078977 0.2478509981480873
0 0.5247028925928695 0.3900889453621348 0.5462291651095 0.3900889453621348 0.5462291651095 0.4129606099110547 0.5247028925928695 0.4129606099110547
4 0.450706330816952 0.3189326556543838 0.4560878989461096 0.3189326556543838 0.4560878989461096 0.33545108005082597 0.450706330816952 0.33545108005082597
4 0.44936093878466254 0.2592121982210928 0.4533971148815308 0.2592121982210928 0.4533971148815308 0.2871664548919949 0.44936093878466254 0.2871664548919949
4 0.4628148591075566 0.33036848792884377 0.4681964272367143 0.33036848792884377 0.4681964272367143 0.3367217280813215 0.4628148591075566 0.3367217280813215
2 0.44128858659092607 0.24142312579415506 0.46954181926900357 0.24142312579415506 0.46954181926900357 0.2655654383735705 0.44128858659092607 0.2655654383735705
5 0.5260482846251588 0.1753494282083863 0.6498243515957844 0.1753494282083863 0.6498243515957844 0.3506988564167726 0.5260482846251588 0.3506988564167726
5 0.332311831975484 0.3214739517153749 0.3498019283952463 0.3214739517153749 0.3498019283952463 0.3621346886912325 0.332311831975484 0.3621346886912325
3 0.4601240750429778 0.2744599745870394 0.50048583601166 0.2744599745870394 0.50048583601166 0.35832274459974595 0.4601240750429778 0.35832274459974595
3 0.43725241049405783 0.2909783989834816 0.45877868301068836 0.2909783989834816 0.45877868301068836 0.3151207115628971 0.43725241049405783 0.3151207115628971
