0 0.41707153000971675 0.3900889453621348 0.4318708423649002 0.3900889453621348 0.4318708423649002 0.4066073697585769 0.41707153000971675 0.4066073697585769
1 0.4228235167151918 0.3320029290424803 0.44273610986162387 0.33510044353192503 0.4261188556594263 0.4303858892548517 0.40620626251299424 0.427288374765407
4 0.457433290978399 0.34053367217280817 0.4655056431721355 0.34053367217280817 0.4655056431721355 0.3761118170266837 0.457433290978399 0.3761118170266837
4 0.457433290978399 0.3773824650571791 0.46146946707526726 0.3773824650571791 0.46146946707526726 0.4078780177890725 0.457433290978399 0.4078780177890725
4 0.45877868301068864 0.3951715374841175 0.4641602511398462 0.3951715374841175 0.4641602511398462 0.40533672172808194 0.45877868301068864 0.40533672172808194
2 0.4157261379774273 0.27700127064803054 0.4614694670752672 0.27700127064803054 0.4614694670752672 0.33036848792884377 0.4157261379774273 0.33036848792884377
5 0.5556469093355259 0.1842439644218552 0.7386202257268855 0.1842439644218552 0.7386202257268855 0.4447268106734435 0.5556469093355259 0.4447268106734435
5 0.3000224232005382 0.39263024142312586 0.3242394797817475 0.39263024142312586 0.3242394797817475 0.43583227445997463 0.3000224232005382 0.43583227445997463
3 0.46685103520442484 0.3379923761118171 0.5193213244637118 0.3379923761118171 0.5193213244637118 0.4510800508259213 0.46685103520442484 0.4510800508259213
3 0.45877868301068847 0.43329097839898356 0.48972269975334487 0.43329097839898356 0.48972269975334487 0.45489199491740795 0.45877868301068847 0.45489199491740795
