1 0.6263598813022186 0.20369738634679652 0.6489041261228418 0.21757104422377402 0.6202923165498521 0.2590418878234629 0.597748071729229 0.24516822994648535
0 0.41976231407429554 0.3049555273189327 0.4493609387846625 0.3049555273189327 0.4493609387846625 0.33418043202033043 0.41976231407429554 0.33418043202033043
4 0.5960086703042081 0.3468869123252857 0.6282980790791542 0.3468869123252857 0.6282980790791542 0.37992376111817 0.5960086703042081 0.37992376111817
4 0.6134987667239704 0.3074968233799238 0.6269526870468645 0.3074968233799238 0.6269526870468645 0.3418043202033038 0.6134987667239704 0.3418043202033038
4 0.6161895507885493 0.2465057179161373 0.6296434711114434 0.2465057179161373 0.6296434711114434 0.2909783989834816 0.6161895507885493 0.2909783989834816
3 0.5516107332386576 0.2973316391359594 0.6256072950145752 0.2973316391359594 0.6256072950145752 0.3049555273189327 0.5516107332386576 0.3049555273189327
3 0.5475745571417894 0.3100381194409149 0.608117198594813 0.3100381194409149 0.608117198594813 0.34053367217280817 0.5475745571417894 0.34053367217280817
3 0.528739068689738 0.34180432020330365 0.5986994543687871 0.34180432020330365 0.5986994543687871 0.41677255400254104 0.528739068689738 0.41677255400254104
5 0.3067493833619852 0.12706480304955528 0.4977950519470812 0.12706480304955528 0.4977950519470812 0.4002541296060994 0.3067493833619852 0.4002541296060994
5 0.7709096345018313 0.3761118170266836 0.79647208311533 0.3761118170266836 0.79647208311533 0.4155019059720457 0.7709096345018313 0.4155019059720457
2 0.5771731818521556 0.2579415501905972 0.6121533746916803 0.2579415501905972 0.6121533746916803 0.2820838627700125 0.5771731818521556 0.2820838627700125
