1 0.40227221765453325 0.32528589580686157 0.4251438822034533 0.32528589580686157 0.4251438822034533 0.4282083862770013 0.40227221765453325 0.4282083862770013
0 0.3968906495253756 0.6137229987293521 0.4237984901711638 0.6137229987293521 0.4237984901711638 0.6429479034307498 0.3968906495253756 0.6429479034307498
4 0.44801554675237315 0.5679796696315121 0.45608789894610974 0.5679796696315121 0.45608789894610974 0.5908513341804322 0.44801554675237315 0.5908513341804322
4 0.44667015472008376 0.47395171537484126 0.4520517228492414 0.47395171537484126 0.4520517228492414 0.5120711562897078 0.44667015472008376 0.5120711562897078
2 0.4009268256222438 0.4371029224904702 0.42918005830032135 0.4371029224904702 0.42918005830032135 0.49047013977128334 0.4009268256222438 0.49047013977128334
5 0.27715075865161826 0.5972045743329099 0.2973316391359594 0.5972045743329099 0.2973316391359594 0.6454891994917408 0.27715075865161826 0.6454891994917408
5 0.5462291651095 0.3290978398983483 0.7682188504372521 0.3290978398983483 0.7682188504372521 0.634053367217281 0.5462291651095 0.634053367217281
3 0.4345616264294791 0.51715374841169 0.5072127961731072 0.51715374841169 0.5072127961731072 0.5654383735705211 0.4345616264294791 0.5654383735705211
3 0.4628148591075566 0.5730622617534944 0.5125943643022648 0.5730622617534944 0.5125943643022648 0.6429479034307498 0.4628148591075566 0.6429479034307498
3 0.4453247626877943 0.5997458703939009 0.47761417146274016 0.5997458703939009 0.47761417146274016 0.6416772554002541 0.4453247626877943 0.6416772554002541
