5 0.3417295762015098 0.4726810673443457 0.3538381044921145 0.4726810673443457 0.3538381044921145 0.503176620076239 0.3417295762015098 0.503176620076239
5 0.5677554376261306 0.27064803049555275 0.7574557141789372 0.27064803049555275 0.7574557141789372 0.48919949174078786 0.5677554376261306 0.48919949174078786
1 0.40680948325402094 0.2731309303657246 0.423318767486629 0.2621692103297982 0.47980386602469727 0.33805077230263747 0.46329458179208927 0.3490124923385639
0 0.4157261379774273 0.4294790343074969 0.43052545033261086 0.4294790343074969 0.43052545033261086 0.4498094027954257 0.4157261379774273 0.4498094027954257
4 0.48434113162418724 0.37992376111817033 0.5045220121085284 0.37992376111817033 0.5045220121085284 0.40025412960609924 0.48434113162418724 0.40025412960609924
4 0.48434113162418724 0.4409148665819569 0.5072127961731072 0.4409148665819569 0.5072127961731072 0.4726810673443457 0.48434113162418724 0.4726810673443457
4 0.4829957395918978 0.4040660736975858 0.49644965991479195 0.4040660736975858 0.49644965991479195 0.43964421855146124 0.4829957395918978 0.43964421855146124
3 0.500485836011659 0.40279542566709026 0.5502653412063672 0.40279542566709026 0.5502653412063672 0.4383735705209661 0.500485836011659 0.4383735705209661
3 0.5112489722699753 0.4421855146124524 0.5610284774646835 0.4421855146124524 0.5610284774646835 0.5108005082592123 0.5112489722699753 0.5108005082592123
2 0.46685103520442484 0.3506988564167726 0.4977950519470813 0.3506988564167726 0.4977950519470813 0.3773824650571792 0.46685103520442484 0.3773824650571792
