4 0.4318708423649006 0.3824650571791613 0.4426339786232159 0.3824650571791613 0.4426339786232159 0.5311308767471409 0.4318708423649006 0.5311308767471409
1 0.392854473428507 0.22998729351969505 0.42918005830032097 0.22998729351969505 0.42918005830032097 0.34688691232528596 0.392854473428507 0.34688691232528596
0 0.5125943643022648 0.4675984752223635 0.5354660288511848 0.4675984752223635 0.5354660288511848 0.49682337992376124 0.5125943643022648 0.49682337992376124
4 0.4439793706555049 0.3989834815756035 0.45877868301068847 0.3989834815756035 0.45877868301068847 0.4256670902160101 0.4439793706555049 0.4256670902160101
4 0.4628148591075566 0.3824650571791614 0.4776141714627401 0.3824650571791614 0.4776141714627401 0.3989834815756036 0.4628148591075566 0.3989834815756036
4 0.4439793706555049 0.3888182973316392 0.45877868301068847 0.3888182973316392 0.45877868301068847 0.3977128335451081 0.4439793706555049 0.3977128335451081
2 0.398236041557665 0.3506988564167726 0.4332162343971896 0.3506988564167726 0.4332162343971896 0.3977128335451081 0.398236041557665 0.3977128335451081
3 0.4439793706555049 0.43202033036848797 0.487031915688766 0.43202033036848797 0.487031915688766 0.5451080050825922 0.4439793706555049 0.5451080050825922
3 0.4143807459451379 0.5336721728081322 0.4816503475596084 0.5336721728081322 0.4816503475596084 0.5476493011435833 0.4143807459451379 0.5476493011435833
3 0.482488906602539 0.44255371788066467 0.5192164024666497 0.4282497676014008 0.5735840788478531 0.552766848646687 0.5368565829837425 0.5670707989259509
3 0.5179759324314224 0.5374841168996188 0.5529561252709471 0.5374841168996188 0.5529561252709471 0.5679796696315121 0.5179759324314224 0.5679796696315121
5 0.24755213394125122 0.5247776365946634 0.2704237984901712 0.5247776365946634 0.2704237984901712 0.5730622617534944 0.24755213394125122 0.5730622617534944
5 0.5744823977875776 0.24142312579415506 0.7749458105986995 0.24142312579415506 0.7749458105986995 0.5756035578144856 0.5744823977875776 0.5756035578144856
