1 0.4201053840213239 0.25774066002846174 0.44715294910493425 0.26909395895244587 0.3988916131191417 0.3716492979222595 0.3718440480355313 0.36029599899827536
0 0.4009268256222438 0.719186785260483 0.44128858659092607 0.719186785260483 0.44128858659092607 0.7598475222363407 0.4009268256222438 0.7598475222363407
4 0.4735779953658719 0.35196950444726816 0.48299573959189773 0.35196950444726816 0.48299573959189773 0.4015247776365947 0.4735779953658719 0.4015247776365947
4 0.47895956349502955 0.43202033036848797 0.4829957395918978 0.43202033036848797 0.4829957395918978 0.45362134688691247 0.47895956349502955 0.45362134688691247
4 0.47626877943045076 0.47649301143583234 0.4883773077210555 0.47649301143583234 0.4883773077210555 0.48919949174078786 0.47626877943045076 0.48919949174078786
3 0.47626877943045076 0.4104193138500636 0.5475745571417894 0.4104193138500636 0.5475745571417894 0.42947903430749695 0.47626877943045076 0.42947903430749695
3 0.4749233873981613 0.457433290978399 0.5408475969803423 0.457433290978399 0.5408475969803423 0.4726810673443457 0.4749233873981613 0.4726810673443457
3 0.4816503475596084 0.51715374841169 0.5193213244637119 0.51715374841169 0.5193213244637119 0.5451080050825923 0.4816503475596084 0.5451080050825923
3 0.4897226997533448 0.4040660736975858 0.5381568129157634 0.4040660736975858 0.5381568129157634 0.5425667090216011 0.4897226997533448 0.5425667090216011
2 0.4332162343971892 0.20203303684879287 0.4735779953658719 0.20203303684879287 0.4735779953658719 0.2731893265565438 0.4332162343971892 0.2731893265565438
5 0.2919500710068017 0.4777636594663279 0.31078555945885344 0.4777636594663279 0.31078555945885344 0.5247776365946634 0.2919500710068017 0.5247776365946634
5 0.5839001420136034 0.20457433290978405 0.8274160998579864 0.20457433290978405 0.8274160998579864 0.5374841168996188 0.5839001420136034 0.5374841168996188
