1 0.4283900853083512 0.5797365115790043 0.4536437274359224 0.5834777918941995 0.43057533149743954 0.722368759107168 0.40532168936986834 0.7186274787919729
0 0.40496300171911204 0.6569250317662008 0.43725241049405783 0.6569250317662008 0.43725241049405783 0.687420584498094 0.40496300171911204 0.687420584498094
4 0.44936093878466254 0.6264294790343076 0.46819642723671434 0.6264294790343076 0.46819642723671434 0.6937738246505719 0.44936093878466254 0.6937738246505719
4 0.4520517228492414 0.6048284625158832 0.46416025113984605 0.6048284625158832 0.46416025113984605 0.6264294790343076 0.4520517228492414 0.6264294790343076
2 0.4237984901711638 0.5019059720457434 0.47626877943045076 0.5019059720457434 0.47626877943045076 0.5768742058449811 0.4237984901711638 0.5768742058449811
5 0.23947978174751477 0.6912325285895808 0.2677330144255924 0.6912325285895808 0.2677330144255924 0.7382465057179163 0.23947978174751477 0.7382465057179163
5 0.5637192615292623 0.3748411689961882 0.8327976679871439 0.3748411689961882 0.8327976679871439 0.7268106734434563 0.5637192615292623 0.7268106734434563
3 0.45877868301068847 0.5832274459974588 0.5300844607220271 0.5832274459974588 0.5300844607220271 0.6022871664548921 0.45877868301068847 0.6022871664548921
3 0.4735779953658719 0.6111817026683609 0.5300844607220271 0.6111817026683609 0.5300844607220271 0.7369758576874208 0.4735779953658719 0.7369758576874208
3 0.45474250691382023 0.7001270648030498 0.48568652365647674 0.7001270648030498 0.48568652365647674 0.7407878017789074 0.45474250691382023 0.7407878017789074
